1 2.71336
2 3.8732
3 6.53744
4 5.45662
5 7.75661
6 7.58043
7 10.4319
8 9.52059
9 11.4549
10 11.4556
11 13.1009
12 14.4752
13 16.7303
14 15.7958
15 18.6796
16 17.6611
17 19.8954
18 20.7132
19 20.9965
20 21.3134
21 23.5088
22 24.7022
23 26.5625
24 25.1204
25 26.3241
26 28.9182
27 28.0393
28 31.1606
29 30.3054
30 32.4488
31 32.7631
32 35.0301
33 36.6903
34 37.2797
35 38.1609
36 39.7229
37 40.7858
38 40.133
39 42.6993
40 43.3366
41 42.9728
42 43.5827
43 46.9867
44 45.4839
45 48.1241
46 48.5046
47 50.8089
48 51.149
49 50.3156
50 51.6276
51 53.6782
52 55.1163
53 54.2347
54 56.5316
55 56.5886
56 57.8226
57 59.9158
58 60.3446
59 60.1196
60 62.4018
61 62.2333
62 63.1143
63 64.4801
64 66.1935
65 68.0667
66 68.6041
67 70.0608
68 69.8174
69 71.3978
70 71.8297
71 73.3503
72 75.8052
73 74.2608
74 76.3617
75 78.8369
76 79.5672
77 78.3629
78 79.0425
79 80.7035
80 83.5989
81 83.3122
82 85.3086
83 86.622
84 86.1308
85 88.833
86 89.3955
87 90.5159
88 91.84
89 91.7582
90 92.7975
91 92.958
92 94.2635
93 96.7123
94 95.4754
95 98.5055
96 99.1958
97 99.4755
98 99.6364
99 100.359
100 101.145
