1037
1039
1047
1071
124
125
126
128
129
130
133
1340
1351
140
141
142
148
149
152
155
157
1630
1631
1632
1638
1855
1856
1964
1969
1974
1980
1985
1986
1987
1993
1994
1995
1996
1997
1998
2026
2028
2032
2033
2035
2036
2037
2038
2040
2041
2042
2043
2044
2045
2047
2048
2056
2057
2058
2063
2070
2108
2109
2111
2130
2132
2321
232
233
234
2355
2356
235
236
2375
2376
2379
237
2380
2381
242
243
245
2531
2551
2552
2555
2556
2557
2558
2559
2560
2561
2562
2563
2564
2565
2566
2567
2568
2569
2570
2571
295
298
302
305
318
361
485
487
490
491
519
520
521
529
533
536
554
555
556
583
584
585
589
598
599
60
615
616
617
619
620
621
625
626
646
652
655
659
65
664
678
679
681
683
689
692
700
701
70
717
726
739
833
864
870
10012
10120
10124
10125
10127
10128
10136
10527
10535
10545
11667
12155
12218
12219
12220
12221
12222
12226
12227
12258
12263
12267
12273
12277
12278
12291
12299
12442
12544
12558
12559
12560
12561
12562
12563
12564
12565
12566
12567
12568
12569
12581
12594
12610
12611
12612
12613
12614
12646
12671
12672
12673
12682
12688
12847
12874
12879
12894
12957
12958
12965
12982
12983
12995
12996
12997
13001
13002
13005
13008
13012
13013
13272
13314
13315
13335
13339
13340
13341
13342
13343
13344
13345
13371
13386
13395
13452
13461
13483
13484
13485
13547
13575
13954
14213
14225
14251
14261
14262
14281
14299
14318
14347
14348
14547
14566
14568
14607
14609
14683
14684
14685
14686
14914
14955
14976
15051
15097
15176
15619
15780
15811
15841
15852
15854
15999
16000
16001
16011
16015
16016
16017
16024
16051
16052
16053
16055
2573
2577
2579
2582
2584
2586
2587
2592
2594
2595
2597
2598
2599
2600
2601
2602
2603
2604
2605
2606
2608
2611
2612
2615
2616
2617
2618
2623
2627
2628
2629
2631
2632
2653
2658
2677
2678
2683
2684
2685
2687
2688
2690
2692
2693
2694
2695
2696
2697
2698
2701
2703
2704
2706
2722
2723
2724
2725
2727
2729
2730
2738
2754
2757
2769
2770
2814
2848
2849
2853
2854
2858
2859
2860
2870
2907
2928
3001
3013
3020
3021
3051
3094
3103
3108
3110
3130
3131
3132
3149
3220
3360
3400
3416
3422
3557
3597
3599
3630
3657
3771
3777
3815
3818
3914
3919
4441
4535
4648
4665
4722
4727
4747
4944
5237
5271
5278
5282
5284
5291
5293
5309
5376
5423
5668
5671
5706
5721
5725
5826
5895
5988
6002
6015
6016
6017
6021
6025
6086
6092
6134
6147
6151
6153
6156
6157
6185
6196
6211
6212
6289
6349
6358
6382
6449
6456
6458
6466
6475
6476
6512
6532
6548
6589
6629
6639
6640
6641
6652
6656
6694
6695
6696
6697
6703
6706
6707
6709
6710
6718
6723
6729
6736
6739
6741
6743
6744
6745
6827
6838
6839
6845
6850
6852
6865
6922
6926
6927
6945
6946
6956
6970
6977
6978
6979
7103
7104
7109
7111
7237
7243
7244
7253
7688
7696
7708
7709
7711
7796
7829
7843
7864
7882
7883
7894
7897
7901
7902
7904
7906
7908
7910
7928
7935
7936
7938
7941
7953
7973
8023
8024
8025
8169
8186
8319
8491
8507
8508
8510
8511
8512
8516
8527
8528
8551
8557
8560
8565
8575
8579
8580
8584
8587
8588
8591
8606
8644
8654
8734
8739
8740
8741
8745
8746
8770
9002
9026
9027
9033
9034
9072
9073
9077
9091
9092
9126
9127
9130
9135
9138
9139
9141
9142
9146
9150
9153
9154
9157
9164
9167
9175
9178
9179
9180
9181
9184
9187
9191
9193
9194
9196
9201
9203
9204
9207
9208
9218
9234
9239
9240
9245
9260
9262
9267
9278
9311
9314
9318
9323
9324
9330
9357
9368
9380
9406
9408
9432
9433
9444
9447
9450
9451
9457
9466
9467
9468
9475
9476
9478
9479
9485
9486
9488
9489
9491
9546
9586
9685
9717
9718
9734
9773
9777
9778
9798
9807
9808
9814
9815
9816
9823
9855
9884
9905
9906
9909
9985
7969
2885
9991
7467
7462
7457
7452
9604
9599
9594
1124
3860
3847
7092
7466
7461
7451
9603
9598
9593
1123
3846
7091
11385
7470
7465
7460
7450
2837
9602
9597
9592
1122
3858
7090
7469
7464
7459
7454
7449
9601
9596
9591
8912
8902
6152
6151
6150
7463
7458
7453
7448
9600
9595
9590
3848
8896
7308
7303
7298
7293
7288
14408
4528
4524
5530
5526
5519
7309
7304
7299
7294
7289
14629
14048
4529
4523
4054
5522
7310
7305
7300
7295
7290
2858
4526
6950
7306
7301
7296
7291
4525
4521
6952
6949
7307
7302
7297
7292
3416
6951
5495
5947
5942
5937
5932
5927
6773
6764
6759
5496
1777
5946
5926
6772
6767
6763
5497
5945
5925
14964
6776
6771
6766
6762
5493
5488
5483
9949
5944
5939
5929
6775
6770
6765
6761
6758
5504
5494
5489
2307
5943
5938
5933
5928
5923
14957
6774
6769
6760
7745
4705
7740
7730
4219
4214
4209
4204
6882
6879
6875
6870
6865
10830
5514
4706
7741
4215
4205
6883
6880
6876
6871
6866
5513
4406
4396
4391
7747
7742
7737
4717
7727
4727
4216
4206
6884
6881
6877
6872
6867
5512
7287
4392
8497
7743
7738
7728
4202
6885
6878
6873
6868
6155
5511
7286
7744
7739
7734
4218
4213
4208
6886
6874
6869
6156
5505
7285
15774
14493
6706
6894
6891
6707
6893
6890
13033
13028
6708
6892
6889
12337
15676
13029
6709
6888
14487
6710
6887
6382
6387
7113
7118
7123
7128
7133
5755
5750
5745
5740
6383
7114
7119
7124
7129
7134
4225
4609
4245
5736
7115
7120
7125
7130
7135
4241
5737
97
15377
7116
7121
7126
7131
7136
13593
4242
4247
5743
5738
11980
78
6381
6386
7117
7122
7127
7132
7137
4238
4243
13316
5759
5754
5744
4294
4279
5593
6120
6115
6100
1090
9540
4176
4171
4166
4161
6864
6863
4280
5589
5594
5599
5609
6121
6116
6111
6106
6101
10931
10916
10488
9536
4177
4172
4167
4162
4291
4286
6122
6117
6112
6107
6102
10922
9537
4178
4168
4163
4292
4282
4277
5601
6118
6103
10928
4179
4174
4164
4159
4298
4288
4283
5592
5602
5607
6119
6114
6109
6104
4175
4170
4165
4160
9045
6514
6509
12525
12520
12515
7187
7182
6515
6510
6505
12526
12521
12516
11510
8531
7186
7181
6516
6511
6506
9077
12522
12517
7185
7180
6517
6512
12523
12518
7184
6513
6508
6503
12524
12519
7183
7658
7653
7648
6726
6721
6716
3844
7031
7041
7046
7051
7659
7654
6727
6722
6712
5188
5183
3838
7030
7040
7045
7050
7660
7655
7645
6732
6728
6723
6718
6713
7029
7039
7044
7049
9231
7661
7646
6729
6724
6719
6714
3831
7028
7038
7043
7048
7647
7642
6734
6725
6715
9098
9100
6862
14155
3628
3835
7027
7032
7037
7042
7047
7080
7083
5965
5905
5909
5917
5920
5948
2983
5981
5966
5906
5918
5921
5949
778
8395
3691
3686
3681
7077
7078
7084
7087
5982
5977
5967
5962
5907
5919
5922
3692
3687
3682
7081
7085
7088
5983
5978
5968
5963
5912
5358
5916
13911
3678
7079
7082
7086
7089
5984
5964
781
3002
7562
7552
7547
7532
7512
6407
6438
11469
5438
5443
5453
7343
7348
7563
7558
7553
7548
7518
7513
6418
6403
6429
5457
7342
7347
7352
7559
7549
7529
7524
7519
7514
6419
6414
13493
6445
6440
6435
5456
7341
7346
7351
7565
7560
7555
7545
7535
7530
7520
7515
6425
6441
5445
7340
7345
7350
7354
7357
7566
7561
7556
7551
7536
7531
7526
6426
6442
6432
5380
7339
7344
7353
7158
7153
7148
7143
7138
6269
6264
6539
6534
6529
6524
4455
4435
7837
7857
6552
6298
7159
7154
7149
7144
7139
6270
6255
6250
6535
6530
4456
4446
4436
2014
7856
11720
7160
7155
7150
7145
7140
6266
6261
6256
6541
6536
6531
6526
4447
4437
7845
15202
6555
7161
7156
7151
7146
7141
6262
6257
6252
6537
6532
6527
4448
4443
7834
7844
7849
6554
6290
7162
7157
7152
7147
7142
6268
6263
6258
6543
6533
6528
4454
4449
4444
4439
7838
7853
6548
6289
12513
7586
7581
4699
12992
8299
7627
3917
3907
3902
7585
12981
12996
7631
7628
7626
7624
3921
3906
6464
6460
7584
4682
12995
7635
8292
3920
3915
3905
6459
7598
7583
4696
12994
7630
3919
3914
3909
6466
6458
7597
7592
7582
7577
4680
12993
7633
7629
14805
14808
14810
6457
6456
4044
4674
4664
4659
4363
7671
7676
7681
7686
6967
4050
4030
8094
4670
4665
4660
4655
5063
4362
4382
7665
7670
7675
7680
7685
4352
6966
4980
4051
4031
4656
4361
4376
7664
7669
7679
7684
6955
6962
6965
4047
4042
4677
4672
4657
8811
8656
4360
4370
4380
7668
7678
6954
6957
6959
6961
6964
4663
4658
11773
7667
7672
13347
14993
6953
6956
6958
6960
6963
5294
6241
6236
4593
4578
7393
7388
4803
7378
6303
6318
222
6923
6925
6927
6930
6899
6904
6909
6914
6919
5283
5273
3788
3783
6237
6227
4063
4599
4584
7392
7382
7377
7372
6302
6307
6920
6922
6924
6926
6929
6898
6903
6908
6913
6918
7806
7804
7802
6238
6228
7391
7386
7381
7376
7371
6301
6306
652
6311
6928
15368
6897
6902
6907
6912
6917
5262
3781
7805
7803
6239
4065
8131
4596
4790
7385
4795
4800
7375
7370
6300
6305
6310
6896
6901
6906
6911
6916
6240
4081
4597
4587
16043
7384
7379
7369
4809
6299
6304
2040
6895
6900
6905
6910
6915
3571
3758
3753
5825
5820
5815
5811
5658
5655
6804
13954
14178
7617
7618
7619
6034
6029
5475
3867
3749
3739
5821
5812
5657
5641
6043
6038
6033
3868
3864
3745
3740
5822
5817
5650
5645
6032
5473
5468
5460
3746
5823
5818
6046
6041
6036
6031
6026
3872
3870
5829
5819
5814
5643
8993
6035
6030
5471
5585
5580
13539
4138
4140
7484
7475
6451
6450
6449
5584
5582
10441
13530
3305
7488
7483
7478
7474
16078
11147
7487
7482
7477
7473
11060
7486
7476
1187
7480
8699
6452
3718
3713
12507
12502
12497
12492
12487
6070
6065
9651
13021
13016
13011
7443
7438
7433
7428
7026
7021
7016
7011
7006
10983
12508
12503
12498
12493
12488
6071
6066
6061
6051
13022
13017
13012
13007
7442
7437
7432
7427
7422
7025
7020
7015
7010
7005
3720
3705
12509
12504
12499
12494
12489
6072
6057
6052
13417
13023
13018
13008
13003
7441
7436
7426
7421
7024
7019
7014
7009
7004
15606
3716
3711
3706
12510
12505
12500
12495
12490
6063
13014
13009
13004
7435
7430
7420
7023
7018
7013
7008
7003
3717
3707
12511
12506
12501
12496
12491
6069
6064
13025
13020
13015
13010
7434
7429
7424
7419
7022
7017
7012
7007
7002
15599
5990
5985
6857
6852
6847
6842
6837
6990
6980
6975
6970
4986
3532
5991
5986
6858
6853
6848
6843
6838
8744
6991
6981
6976
6971
4985
6002
5987
6859
6854
6849
6844
6839
6992
6987
6982
6977
6972
14836
6008
6003
5988
6860
6855
6850
6845
6840
6993
6988
6983
6978
6973
3524
6009
6004
5989
6861
6856
6851
6846
6841
6994
6989
6979
6974
14844
14839
2722
7231
7226
7221
7216
7211
3824
3819
3814
3809
3804
7206
7201
7198
7193
7188
6757
6754
6749
6744
6739
3887
3882
3269
7232
7227
7222
7217
7212
3815
3810
7207
7202
7199
7194
7189
6756
6753
6748
6743
6738
7897
3896
3891
3881
6684
6681
6678
7233
7228
7223
7218
7213
5672
3826
3816
3806
7208
7203
7195
7190
6755
6752
6742
6737
7891
3895
3890
3885
3880
6688
6685
6682
6679
7234
7229
7224
7219
7214
9778
5678
2356
3822
3812
3807
7209
7204
7196
7191
6741
6736
4748
3894
3884
6689
6686
7235
7230
7225
7220
7215
3828
3823
3818
3808
7210
7205
7200
7197
7192
6750
6745
6740
6735
4759
4756
4752
3883
3878
3873
7613
7610
7609
7607
7603
4541
4198
4189
5329
4011
4006
4001
7614
7611
5562
4542
4537
4532
4196
4193
4188
5333
4015
4010
3736
7612
7604
5571
5563
4195
4187
5327
5322
4004
3999
7616
7605
5572
5564
4549
4544
11035
212
105
3998
3993
7608
7606
5565
11031
4190
5325
109
4002
3997
3992
3727
6012
6016
6020
6024
7334
7330
7323
7319
4314
4309
4299
5541
5536
9625
10150
10145
10140
6803
6798
6793
3024
3019
4856
4851
4846
4841
6013
6017
6021
7335
7331
7328
7324
10436
4320
4315
10154
10149
10144
10139
6802
6797
6792
3023
4855
4850
4840
6018
6022
3472
7336
7332
7329
4321
4301
5533
10153
10148
10143
10138
6801
6796
6791
4854
4849
4844
4839
6014
6019
6023
7337
7333
7325
7321
4322
4307
5549
5534
10152
10147
10142
10137
6800
6795
4838
6011
6015
7338
7326
7322
4308
5535
15714
10151
10146
10141
10136
6799
6794
4842
4837
4638
4633
4429
4409
5890
5885
5880
449
5854
5849
5844
5839
5834
4126
3111
5879
4644
4634
10657
4415
5891
13377
5853
5848
5843
5838
5833
4130
4115
530
5878
5873
5868
5863
4640
4635
9822
10663
4426
4416
5892
427
5852
5837
5832
4114
3109
5862
5857
4651
4646
5210
5205
5200
12563
4432
5893
3328
5851
5846
5841
5836
5831
4133
4128
4123
3113
5856
5216
10665
4433
4423
4418
4413
5894
5889
5850
5845
5840
5835
5830
4132
4127
5875
5855
10987
10991
4249
4254
4259
4264
6643
6638
4344
4334
4329
9795
9785
6181
6176
6166
369
4255
4260
6659
6644
6639
5411
4345
4325
5220
6180
6175
6170
6160
10992
366
4251
4256
4261
4266
6660
6655
6645
6640
5412
5407
4336
4331
9058
9792
9787
6179
6174
6169
6159
10989
4267
6661
6656
6646
6641
5418
4347
4342
4337
4332
6178
6173
6168
6163
6158
10986
10990
5953
4258
4268
4273
6652
11933
6647
5414
5409
4348
4343
9794
9784
6177
6172
6167
6162
6157
7759
7764
7773
5784
5789
14167
5794
5799
5804
12483
6479
6474
6948
6946
6943
6939
7418
7413
7408
7403
7398
5622
5617
6099
7255
7250
7245
7240
7756
7760
7765
7774
4929
5790
5795
5800
5805
12484
12481
6475
6947
6945
6942
6938
7417
7412
7407
7402
7397
5636
5616
7254
7249
7244
7239
7757
7761
7766
7771
5786
5791
5796
5801
6486
6481
6476
6471
6944
6941
6937
7416
7406
7401
7396
5635
5625
6097
6077
7253
7248
7243
7238
7758
7762
7767
7772
7776
5787
5792
5797
5802
5807
6487
6477
6472
6940
6932
7415
7405
7400
5634
5629
6096
6091
6076
7252
7247
7242
7237
7763
7768
5788
5798
5803
6488
6483
6478
6473
6931
7409
7404
7399
7394
5623
5613
6085
6080
7256
7251
7246
7241
7236
11094
7446
7445
7444
9626
9631
9636
9641
7095
9646
6182
6187
6202
3789
6149
6144
6139
6134
7447
9627
9632
9637
9642
9647
6188
6128
9628
9633
9638
9643
9648
6184
6199
6137
9629
9634
9639
9644
9649
6185
6205
3799
3796
6131
6126
9630
9635
9640
9645
9650
6186
6191
6196
3803
3802
6140
6135
6130
6125
6334
6339
6344
7492
7502
7260
7265
7270
7275
7280
6546
6995
3987
3977
3972
3967
6694
8866
4111
4106
4096
6330
6345
7503
7508
7261
7266
7271
7276
7281
6664
15151
3988
3983
6695
8858
4110
7490
7494
7499
7504
7262
7272
7277
7282
3984
3974
6696
8861
4099
7491
7495
7500
7505
7510
7263
7268
7273
7278
7283
6671
3970
3145
6702
6697
4108
4103
6348
7496
7501
7506
7511
7264
7269
7274
7279
7284
6667
6677
7001
3991
3981
3971
6703
4102
4097
4087
6611
6615
7875
7870
7865
7860
4741
4738
5095
6610
7876
4739
3961
3964
1957
7877
7867
7862
4736
4732
3962
3965
7878
7873
7868
7863
4735
4731
3958
3960
3963
3966
7874
7869
7864
7777
7782
7787
7792
7796
6579
6589
7110
7100
7096
4477
4473
4471
3203
7783
7788
7793
7797
3493
7111
7107
7104
7101
4482
4478
7789
7794
7798
6586
7112
7108
7105
7102
7097
4483
4479
7790
7799
6582
6592
6597
14218
7109
7106
7098
4484
7800
9529
7103
7099
13763
6810
6805
6811
6806
6827
6812
6807
372
6818
6813
6808
8514
6829
6814
6809
13778
4771
4780
4775
4770
4769
4778
4768
6375
13450
4777
4814
5007
7823
7818
7813
5665
5661
4827
5003
7824
7819
7814
10551
4828
4825
7830
7815
7810
4829
4817
5005
4995
7831
7826
7821
7811
5668
4818
4996
4991
7832
7827
7817
7812
5669
7362
7363
7366
5719
7687
6246
5429
5427
5778
5768
5763
5720
7708
7703
7688
6247
5432
5428
5426
5772
5730
5726
5721
5716
7694
7689
5425
5781
5776
5771
5766
5727
7705
7695
7690
5430
5421
5770
5765
5760
7711
7706
7696
5779
5769
5764
3654
4059
4058
5312
7602
5659
5069
15036
9126
5067
6836
5065
5713
5708
5703
7316
5705
7315
5711
5701
