5660
150
18802
18803
15590
147
7754
7752
15588
14620
7753
7751
6950
6952
6949
17760
6951
14696
14691
16146
14697
14692
17454
14698
14693
4434
17453
14701
14699
14694
17456
17452
14702
14700
14695
7724
3361
17455
17451
16328
16324
16319
16314
18364
12410
15323
15318
16329
16325
16320
16315
18266
18363
15322
15317
16330
16326
16321
16316
18267
7287
12421
12416
12413
12409
15321
15316
15313
6153
16327
16322
16317
18268
7286
12420
12418
12415
12412
12408
15320
15315
15312
6154
16323
16318
18269
7285
12419
12417
12414
12411
12407
15319
15314
15311
1485
1481
1476
2806
4565
4560
12332
12327
12322
12317
12312
11286
11281
11276
1490
1486
1482
1477
2807
4577
4573
4569
4564
4559
12331
12326
12321
12316
12311
11285
11280
11275
1491
1487
1483
1478
2808
12335
4576
4572
4568
4563
4558
12330
12325
12320
12315
12310
11284
11279
11274
1488
1484
1479
2809
12334
4575
4571
4567
4562
4557
12329
12324
12319
12314
12309
11283
11278
11273
11271
1492
1489
1480
2810
3234
12333
4574
4570
4566
4561
4556
12328
12323
12318
12313
12308
11282
11277
11272
11270
8363
8362
8355
17038
18762
18761
6608
6603
6374
6369
6364
6359
6354
8732
8727
8722
8717
8712
11747
11742
11737
11732
8358
8356
17039
1532
1533
1535
6607
6602
6373
6368
6363
6358
6353
8731
8726
8721
8716
8711
11746
11741
11736
11731
8359
8357
17040
18760
18758
1531
1534
6606
6601
6372
6367
6362
6357
6352
8730
8725
8720
8715
8710
11745
11740
11735
11730
8360
17041
14855
18759
18757
1530
6605
6600
6371
6366
6361
6356
6351
8729
8724
8719
8714
8709
11744
11739
11734
11729
8361
14854
6604
6599
6370
6365
6360
6355
6350
8728
8723
8718
8713
8708
11743
11738
11733
11728
6864
6863
10650
10645
16355
16350
16345
16340
16335
17956
17951
17946
17941
17936
9624
9619
9614
9609
12998
19083
10649
10644
16354
16349
16344
16339
16334
17955
17950
17945
17940
17935
9623
9618
9613
9608
12999
12617
10653
10648
10643
16353
16348
16343
16338
16333
17954
17949
17944
17939
17934
9622
9617
9612
9607
13000
12616
10655
10652
10647
10642
16352
16347
16342
16337
16332
17953
17948
17943
17938
17933
9621
9616
9611
9606
10654
10651
10646
10641
16351
16346
16341
16336
16331
17952
17947
17942
17937
17932
9620
9615
9610
9605
3101
7187
7182
7177
7172
7167
1583
1578
1573
1568
1563
1851
1846
1841
1836
1831
9504
9499
9494
9489
16100
3100
7186
7181
7176
7171
7166
1582
1577
1572
1567
1562
1850
1845
1840
1835
1830
9503
9498
9493
9488
16279
3097
3099
7185
7180
7175
7170
7165
1581
1576
1571
1566
1561
1849
1844
1839
1834
1829
9502
9497
9492
9487
16280
3096
3098
7184
7179
7174
7169
7164
1580
1575
1570
1565
1560
1848
1843
1838
1833
1828
9501
9496
9491
9486
712
7183
7178
7173
7168
7163
1579
1574
1569
1564
1559
1847
1842
1837
1832
1827
9500
9495
9490
9485
9101
16110
16105
7076
7071
7066
7061
7056
2199
2194
2189
2184
2179
3947
3942
3937
3932
3927
1800
1795
1790
1785
16114
16109
16104
7075
7070
7065
7060
7055
2198
2193
2188
2183
2178
3946
3941
3936
3931
3926
1799
1794
1789
1784
7920
16120
16117
16113
16108
16103
7074
7069
7064
7059
7054
2197
2192
2187
2182
2177
3945
3940
3935
3930
3925
1798
1793
1788
1783
7918
2391
16119
16116
16112
16107
16102
7073
7068
7063
7058
7053
2196
2191
2186
2181
2176
3944
3939
3934
3929
3924
1797
1792
1787
1782
3955
2390
16118
16115
16111
16106
16101
7072
7067
7062
7057
7052
2195
2190
2185
2180
2175
3943
3938
3933
3928
3923
1796
1791
1786
1781
14156
6376
12841
12837
12832
12827
12822
186
181
176
171
166
14752
14747
14742
14737
14732
18301
18296
18291
18286
18281
17829
17824
17819
17814
14157
12840
12836
12831
12826
12821
185
180
175
170
165
14751
14746
14741
14736
14731
18300
18295
18290
18285
18280
17828
17823
17818
17813
14158
12839
12835
12830
12825
12820
184
179
174
169
164
14750
14745
14740
14735
14730
18299
18294
18289
18284
18279
17827
17822
17817
17812
14159
12838
12834
12829
12824
12819
183
178
173
168
163
14749
14744
14739
14734
14729
18298
18293
18288
18283
18278
17826
17821
17816
18130
18125
4882
14160
12833
12828
12823
12818
182
177
172
167
162
14748
14743
14738
14733
14728
18297
18292
18287
18282
18277
17825
17820
17815
4948
10701
7527
7522
16381
16382
3430
5035
5032
10640
10639
10636
6637
6633
6629
6625
6621
2352
2347
2342
2337
2332
14905
14900
14895
14890
14885
4155
4150
4145
4949
14498
18440
18435
7533
7528
16383
15105
15101
3431
5036
5033
10638
10635
6636
6632
6628
6624
6620
2351
2346
2341
2336
2331
14904
14899
14894
14889
14884
4154
4149
4144
4945
4947
16384
15109
15106
15102
5037
10637
10634
6635
6631
6627
6623
6619
2350
2345
2340
2335
2330
14903
14898
14893
14888
14883
4153
4148
4143
12646
4944
4946
15110
15107
15103
15099
5038
6634
6630
6626
6622
6618
2349
2344
2339
2334
2329
14902
14897
14892
14887
14882
4152
4147
4142
18822
15111
15108
15104
15100
15098
5039
5034
6617
2348
2343
2338
2333
2328
14901
14896
14891
14886
14881
4151
4146
4141
6544
6545
7093
9321
9319
9317
9313
9308
13187
3591
3586
5151
5150
5149
5147
5144
15932
15927
15922
15917
15912
2512
2507
2502
7094
1163
9322
9320
9318
9314
9309
13188
3592
3587
5148
5146
5143
15931
15926
15921
15916
15911
2511
2506
2501
9323
9315
9310
13189
3593
3588
5145
5142
15930
15925
15920
15915
15910
2510
2505
2500
9316
9311
13190
13184
3594
3589
5141
15929
15924
15919
15914
15909
2509
2504
2499
17648
9312
13191
13186
13185
3595
3590
2841
2840
15928
15923
15918
15913
15908
2508
2503
2498
12512
18879
18874
15086
15081
10909
146
143
138
133
128
10633
10628
10623
18880
18875
15087
15082
14804
12052
145
142
137
132
127
10632
10627
10622
18881
18876
15088
15083
141
136
131
126
10631
10626
10621
10714
18882
18877
15089
15084
3349
140
135
130
125
10630
10625
10620
18883
18878
15090
15085
144
139
134
129
124
10629
10624
10619
3438
3433
14570
14569
3298
3295
3290
3285
3280
18383
18378
18373
3439
3434
3297
3294
3289
3284
3279
18382
18377
18372
3435
3432
5154
3296
3293
3288
3283
3278
18381
18376
18371
7620
7622
11242
3436
16552
3292
3287
3282
3277
18380
18375
18370
18368
7621
7623
3437
3291
3286
3281
18379
18374
18369
18367
4787
13682
13678
13675
13670
4507
4502
4497
4492
10681
10683
18354
13681
13677
13674
13669
4506
4501
4496
4491
13262
10682
10684
18358
18356
17011
16762
13680
13676
13673
13668
4505
4500
4495
4490
19082
13263
7801
18359
18357
17010
17012
16763
13679
13672
13667
4504
4499
4494
4489
13671
13666
4503
4498
4493
4488
1013
1114
1109
1104
9025
9020
9015
9010
18365
187
1113
1108
1103
9024
9019
9014
9009
1329
1330
18366
1117
1112
1107
1102
9023
9018
9013
9008
1015
6573
1119
1116
1111
1106
1101
9022
9017
9012
5810
16059
1014
11194
18035
17786
15051
1118
1115
1110
1105
1100
9021
9016
9011
11493
3306
3302
1826
2302
16727
15852
8289
8284
8279
8274
8269
17897
17892
17887
16690
11491
11490
15851
8288
8283
8278
8273
8268
17896
17891
17886
16691
16689
18276
15850
8287
8282
8277
8272
8267
17895
17890
17885
16692
18273
18272
15849
8286
8281
8276
8271
8266
17894
17889
17884
15848
8285
8280
8275
8270
8265
17893
17888
17883
14239
13158
13153
13148
13143
13138
6220
6215
6210
18986
14238
13157
13152
13147
13142
13137
6219
6214
6209
18987
14121
14237
13156
13151
13146
13141
13136
6218
6213
6208
3721
18988
18984
18982
14236
13155
13150
13145
13140
13135
6217
6212
6207
18989
18985
18983
14122
13154
13149
13144
13139
13134
6216
6211
3248
3241
3235
1020
1016
13811
13806
13801
13797
13792
464
459
3249
3244
3242
3236
1021
1017
4984
13230
13227
13810
13805
13800
13796
13791
463
458
3250
3245
3243
3237
1022
4983
13229
13809
13804
13795
13790
462
457
3600
3251
3246
3240
3238
1023
1018
13808
13803
13799
13794
13789
461
456
3601
10541
3252
3247
3239
1024
1019
13807
13802
13798
13793
13788
460
455
2726
13394
7206
7201
7198
7193
7188
3005
3003
18932
18927
18922
18918
18913
4607
4603
7537
7538
7207
7202
7199
7194
7189
3006
3004
17413
18931
18926
18921
18917
18912
4606
7208
7203
7195
7190
3007
17412
18930
18925
18920
18916
7209
7204
7196
7191
3008
17411
18929
18924
18915
18911
4605
7210
7205
7200
7197
7192
3009
17410
18928
18923
18919
18914
18910
4604
13728
13723
13718
13713
13708
3726
3722
1608
1603
1598
1593
1588
8178
2127
13729
13724
13719
13714
13709
3729
3725
1607
1602
1597
1592
1587
13730
13725
13720
13715
13710
3728
3724
1606
1601
1596
1591
1586
13731
13726
13721
13716
13711
1605
1600
1595
1590
1585
13732
13727
13722
13717
13712
3723
1604
1599
1594
1589
1584
10565
3381
3376
3372
3369
7858
12066
17685
17680
17675
17672
17670
1867
1863
3382
3377
3373
3370
12065
12062
17684
17679
17674
3383
3378
3374
3371
12064
12061
17683
17678
3384
3379
3375
12063
12060
17682
17677
15095
3385
3380
12383
7859
12059
17681
17676
17673
17671
14011
14007
7361
7358
977
973
3196
3191
3186
3181
4463
17181
17179
17178
14012
14008
7360
972
3195
3190
3185
3180
4467
4464
4460
17180
14013
14009
976
971
3194
3189
3184
3179
4469
4468
4465
4461
4509
14014
14010
970
3193
3188
3183
3178
4466
4462
4510
4508
7359
969
3192
3187
3182
3177
2659
2654
5956
5954
14501
3197
8664
10878
10873
10868
10863
2655
5957
370
14502
10877
10872
10867
16748
16753
10876
10871
10866
15191
452
450
10875
10870
10865
15192
10874
10869
10864
7576
7573
7569
15079
7575
7572
16449
12482
7574
7571
14172
12486
7570
18884
17568
16822
3798
16553
13845
15145
2925
5697
15873
14575
14574
14573
14571
12514
6547
6996
14572
19087
5695
5696
13056
13051
4020
13075
13079
3763
13057
13052
4021
14757
13074
13077
19221
13053
4022
4017
14756
13078
19219
16982
13054
4023
4018
7541
160
161
14753
14755
14759
13071
13073
13076
19220
214
16985
16984
13055
4024
4019
7539
7540
159
14754
14758
13070
13072
15953
15952
2099
2098
16386
16385
542
1523
1520
7886
7887
7888
1217
1222
1227
1230
1233
11244
11805
4181
2102
543
1524
1521
13226
1221
1226
1229
1232
19203
2101
2100
544
1525
1522
1216
1220
1225
1228
19204
15957
15955
3207
545
1526
1219
1224
11243
13734
19205
15956
15954
11811
16779
11818
4182
1527
13225
1215
1218
1223
1231
13733
8509
8515
14654
14650
2532
9479
9477
9476
9475
9474
8214
16652
2106
8615
8618
8621
8622
14655
14651
9478
16653
2105
8614
8617
14656
14652
1145
16654
2104
8613
9424
8513
13746
1146
16655
16650
2103
8612
8620
14658
14657
14653
13743
1147
16656
16651
8616
8619
9423
2392
17004
13938
8204
17856
12615
3386
3953
3954
2398
2396
2393
16310
13941
3387
3952
11335
2399
2397
2394
13942
13946
17857
17855
3951
11334
2400
13943
13574
3950
7568
7567
2395
13939
13944
7914
7915
3948
3949
11333
12867
11413
2905
2908
2909
15525
14644
14579
11803
14645
12873
12870
12868
10687
10686
15527
15529
7259
9305
9307
12871
12869
11414
2906
7750
14580
15526
15528
7258
9304
14646
10548
12872
11415
2907
12357
10685
7257
9306
10407
10406
17057
7885
1449
16178
1448
13081
10408
7365
7368
14119
13735
6248
15092
15091
10409
13736
1450
4183
4184
13737
13080
14789
14785
7718
7714
11613
648
17096
1684
1685
12722
14790
14786
7719
7715
6448
5319
17097
9422
17064
14791
14787
7716
6968
6969
3233
14795
14793
14792
7720
470
7712
17098
10690
1687
12723
14796
14794
14788
7721
7717
469
7713
17099
1686
5809
10259
10258
3363
3362
677
13837
676
15595
2879
13259
10285
3366
3365
3364
19015
15592
15594
15598
16850
2875
2877
2878
13258
2572
6835
6833
6830
3368
3367
19016
15597
16849
2876
5071
6836
6834
6832
6831
8074
8076
13257
5070
8014
8015
15593
15596
8075
8077
7722
7723
14797
14799
16618
666
675
1304
1306
2389
811
813
7316
14798
14800
17457
17458
2534
6349
5577
1307
810
812
17459
17460
2535
16622
16619
5579
2388
9108
7315
17461
17462
9327
16623
16620
4027
4025
5578
668
670
672
674
1303
1305
2387
12384
12385
7318
7314
17463
17464
2533
9326
16624
16621
4028
4026
665
667
669
671
673
15195
7317
7313
